Colvarstrajfrequency    100
Colvarsrestartfrequency 5000

colvar {
   name Separation

   width 0.1

   lowerWall	13.5
   upperWall    18.5

   lowerboundary 13.5
   upperboundary 18.5

   lowerwallconstant 15.0
   upperwallconstant 15.0

   distance {
      group1 {
         atomnumbers { 3060 3061 3062 3063 3064 3065 3066 3067 3068 3069 3070 3071 3072 3073 3074 3075 3076 3077 3078 3079 3080 3081 3082 3083 3084 3085 3086 3087 3088 3089 3090 3091 3092 3093 3094 3095 3096 3097 3098 3099 3100 3101 3102 3103 3104 3105 3106 3107 3108 3109 3110 3111 3112 3113 3114 3115 3116 3117 3118 3119 3120 3121 3122 3123 3124 3125 3126 3127 3128 3129 3130 3131 3132 3133 }
      }
      group2 {
         atomnumbers { 922 924 937 938 939 941 952 953 954 956 967 968 969 971 988 989 990 992 999 1000 1001 1003 1009 1010 1011 1013 1026 1027 1028 1030 1050 1051 1052 1054 1062 1063 1064 1066 1079 1080 1081 1083 1100 1101 1102 1104 1117 1118 1119 1121 1141 1142 1143 1145 1155 1156 1157 1159 1162 1163 1164 1166 1177 1178 1179 1181 1184 1185 1186 1188 1204 1205 1206 1208 1223 1224 1225 1227 1234 1235 1236 1238 1250 1251 1252 1254 1270 1271 1272 1274 1280 1281 1282 1284 1299 1300 1301 1303 1313 1314 1315 1317 1327 1328 1329 1331 1341 1342 1343 1345 1363 1364 1365 1367 1374 1375 1376 1378 1394 1395 1396 1398 1409 1410 1411 1413 1421 1422 1423 1425 1440 1441 1442 1444 1457 1458 1459 1461 1474 1475 1476 1478 1495 1496 1497 1499 1519 1520 1521 1523 1534 1535 1536 1538 1551 1552 1553 1555 1570 1571 1572 1574 1592 1593 1594 1596 1616 1617 1618 1620 1632 1633 1634 1636 1654 1655 1656 1658 1666 1667 1668 1670 1677 1678 1679 1681 1692 1693 1694 1696 1704 1705 1706 1708 1720 1721 1722 1726 1734 1735 1736 1738 1751 1752 1753 1755 1767 1768 1769 1771 1786 1787 1788 1790 1802 1803 1804 1806 1809 1810 1811 1813 1823 1824 1825 1827 1845 1846 1847 1849 1856 1857 1858 1860 1868 1869 1870 1872 1887 1888 1889 1893 1901 1902 1903 1905 1912 1913 1914 1916 1936 1937 1938 1940 1950 1951 1952 1954 1966 1967 1968 1970 1978 1979 1980 1982 1992 1993 1994 1996 2014 2015 2016 2018 2031 2032 2033 2035 2041 2042 2043 2045 2058 2059 2060 2062 2070 2071 2072 2074 2089 2090 2091 2093 2099 2100 2101 2103 2123 2124 2125 2127 2134 2135 2136 2138 2155 2156 2157 2159 2162 2163 2164 2166 2181 2182 2183 2187 2195 2196 2197 2199 2215 2216 2217 2219 2234 2235 2236 2238 2249 2250 2251 2253 2263 2264 2265 2267 2274 2275 2276 2278 2284 2285 2286 2288 2306 2307 2308 2310 2320 2321 2322 2324 2344 2345 2346 2348 2361 2362 2363 2365 2368 2369 2370 2372 2384 2385 2386 2388 2396 2397 2398 2400 2408 2409 2410 2412 2418 2419 2420 2422 2438 2439 2440 2442 2459 2460 }
      }
   }
}

abf {
  colvars Separation
  fullSamples      1000
  hideJacobian
}
